# ============================================================
# BoxRfinite - Spaceship Note-Block Disc
# Generated from the uploaded MP4 as a Minecraft-style remake.
#
# No resource pack required.
# Uses only vanilla note-block sounds.
#
# Commands:
#   /spaceshipdisc  -> gives the custom disc
#   /spaceship      -> plays the song for yourself
#   /stopspaceship  -> stops your playback
# ============================================================

command /spaceshipdisc:
    permission: boxrfinite.spaceshipdisc
    permission message: &cYou do not have permission.
    trigger:
        give 1 music disc 13 named "&b&lSpaceship" with lore "&7Right-click to play the BoxRfinite remake." to player
        send "&aYou received the &b&lSpaceship &adisc!"

command /spaceship:
    trigger:
        if {spaceship.playing::%uuid of player%} is true:
            send "&cSpaceship is already playing. Use &f/stopspaceship&c first."
            stop

        set {spaceship.playing::%uuid of player%} to true
        send "&bNow playing: &fSpaceship &7(Minecraft note-block remake)"

        delete {_notes::*}
        set {_part::*} to split "0.841,0.841,0.841,0.841,0.841,0.707,1.335,1.414,1.414,1.260,1.260,1.260,1.414,1.260,1.260,1.414,0.841,1.260,1.260,1.260,1.414,0.707,1.335,1.414,1.414,1.682,1.260,1.260,1.414,1.335,1.260,0.630,1.414,1.335,0.841,0.841,0.841,1.888,1.059,1.335,0.749,1.122,1.122,0.749,0.530,0.561,0.749,0.944,1.782,1.888,1.682,0.841,1.059,0.841,1.122,1.260,1.335,1.000,0.841,1.000,0.749,0.530,1.888,1.888,1.122,0.749,0.841,0.841,0.841,0.667,1.260,1.414,1.414,1.335,1.260,1.260,1.189,1.335,1.260,1.260,1.189,1.335,1.260,1.260,1.414,0.841,1.189,1.414,1.414,2.000,1.260,1.260,1.414,1.335,1.260,1.260,1.414,1.414,1.260,0.841,0.841,0.841,1.888,1.059,1.335,0.749,1.260,0.944,0.944,0.595,0.749,0.749,0.749,0.944,0.707,0.841,1.888,0.841,0.841,0.707" at ","
        loop {_part::*}:
            add loop-value to {_notes::*}
        delete {_part::*}
        set {_part::*} to split "1.189,0.794,1.414,1.260,1.335,0.530,0.530,1.059,1.498,1.189,0.749,1.782,0.841,0.595,2.000,1.335,1.414,1.414,1.335,1.260,1.260,1.260,1.335,1.260,0.841,1.260,1.335,1.260,0.841,1.260,1.335,1.260,1.414,1.414,1.335,1.189,1.888,1.189,1.335,1.260,1.260,1.498,1.335,1.414,1.000,0.841,1.498,1.587,1.335,1.260,1.782,1.122,0.944,2.000,1.059,0.530,0.749,1.682,1.414,0.841,0.841,1.122,1.498,2.000,0.749,1.682,1.587,1.335,0.944,1.335,1.059,1.059,0.749,1.414,1.587,0.841,0.841,1.059,0.841,0.707,1.335,1.414,1.122,1.260,1.260,0.841,1.414,1.260,1.260,1.189,1.260,1.260,1.260,0.841,0.841,1.498,1.335,1.414,1.414,1.260,1.682,1.059,1.414,1.260,1.260,1.260,1.414,1.335,0.841,0.841,0.841,0.749,1.335,1.335,0.749,1.682,1.122,1.000,0.530,1.335" at ","
        loop {_part::*}:
            add loop-value to {_notes::*}
        delete {_part::*}
        set {_part::*} to split "1.189,1.260,0.749,1.498,0.841,0.841,0.841,1.335,1.189,1.335,1.335,1.498,1.059,1.000,0.749,0.530,2.000,0.944,1.122,1.498,0.841,0.667,1.888,1.587,1.260,1.414,1.414,1.335,1.260,1.260,1.189,1.335,1.260,1.260,1.189,1.335,1.260,1.260,1.189,1.000,1.587,1.414,1.335,1.335,1.260,1.260,1.189,1.335,1.260,1.260,1.189,1.335,1.260,0.841,0.841,0.841,0.749,1.335,1.335,0.749,0.841,0.944,1.587,0.595,0.749,1.260,1.189,0.749,0.707,1.335,1.587,0.841,0.841,0.841,1.335,0.841,1.414,2.000,1.122,0.944,1.189,0.841,1.414,1.587,1.335,1.189,1.335,0.944,1.189,1.335,1.414,1.414,1.587,1.260,1.122,1.260,1.260,1.260,1.122,1.260,1.335,1.682,1.260,1.260,1.189,1.335,1.587,1.414,1.335,1.782,0.841,1.260,1.335,1.498,0.841,0.841,1.335,1.782,0.841,0.841" at ","
        loop {_part::*}:
            add loop-value to {_notes::*}
        delete {_part::*}
        set {_part::*} to split "0.944,1.587,1.335,1.260,1.682,1.122,0.944,0.794,1.414,1.682,0.500,0.944,1.122,0.841,1.414,0.944,0.841,0.841,1.587,1.335,1.189,0.944,0.944,1.498,1.888,0.530,0.749,0.944,1.189,2.000,0.841,0.841,0.891,0.707,1.414,1.414,1.414,1.260,1.260,1.335,1.414,1.260,1.260,1.414,1.414,1.260,1.260,1.260,0.841,0.707,1.335,1.414,1.414,1.260,1.260,1.260,1.414,1.260,1.260,0.630,1.414,1.260,1.260,0.841,0.841,1.888,1.059,1.335,0.749,0.749,0.944,0.749,0.530,0.561,0.749,0.749,0.749,0.707,1.682,0.841,0.707,0.841,0.841,1.414,1.059,1.414,0.944,1.000,0.500,0.530,1.059,1.260,1.122,0.749,0.841,1.335,0.841,0.667,1.335,1.414,1.414,1.335,1.260,1.260,1.335,1.335,0.841,1.260,1.189,1.335,1.260,1.260,1.414,0.841,1.260,1.414,1.414,1.335,1.260,1.260" at ","
        loop {_part::*}:
            add loop-value to {_notes::*}
        delete {_part::*}
        set {_part::*} to split "1.414,1.335,1.260,0.944,0.841,1.414,1.189,0.841,0.841,1.682,1.888,0.841,0.841,0.841,1.000,0.944,1.000,0.749,0.749,0.749,0.595,0.749,1.888,1.682,1.335,0.841,0.841,1.059,1.122,1.059,1.059,1.059,1.260,0.530,1.888,1.335,0.667,0.707,1.414,1.888,0.841,0.841,0.707,2.000,0.794,1.414,1.260,1.260,2.000,1.498,1.335,1.260,2.000,1.498,1.335,1.260,0.841,1.260,0.749,1.335,1.414,1.414,1.335,1.260,0.841,0.749,1.335,1.260,1.335,0.841,1.335,1.122,0.841,0.841,1.414,1.059,1.498,1.498,1.122,1.122,0.707,1.587,1.888,2.000,1.122,1.122,1.335,1.122,0.841,1.189,0.841,0.794,0.749,1.335,1.189,1.189,1.059,1.888,1.682,1.498,0.749,1.189,1.498,1.189,0.749,0.841,0.707,0.667,1.414,1.782,1.335,1.260,1.260,1.335,1.335,1.260,1.260,0.841,1.059,1.260" at ","
        loop {_part::*}:
            add loop-value to {_notes::*}
        delete {_part::*}
        set {_part::*} to split "1.260,0.841,1.059,0.707,1.335,1.414,1.414,1.260,1.260,1.122,1.414,0.707,1.260,1.122,1.414,1.260,0.530,0.841,0.841,0.749,0.841,1.414,0.749,1.260,0.944,1.059,0.530,0.749,1.000,1.059,0.794,0.707,1.189,0.841,0.841,0.841,0.944,0.707,0.944,1.000,0.749,1.000,0.530,0.595,1.000,0.707,1.122,1.587,0.841,1.682,1.414,1.888,1.260,1.414,1.414,1.059,1.260,0.841,1.189,1.335,1.498,0.707,0.630,1.335,1.260,1.260,1.189,1.122,1.498,1.414,0.749,1.335,1.260,1.260,1.189,1.335,1.260,1.260,1.189,1.335,1.189,0.841,0.841,1.498,1.498,1.498,1.498,1.498,1.498,1.498,0.749,0.749,0.561,0.944,0.749,0.749,1.888,1.682,0.707,0.595,1.414,1.414,1.414,1.059,1.260,1.335,2.000,0.841,0.841,0.841,1.059,1.335,0.595,0.630,0.841,1.189,0.707,1.335,1.414,1.414" at ","
        loop {_part::*}:
            add loop-value to {_notes::*}
        delete {_part::*}
        set {_part::*} to split "1.260,1.260,0.841,1.414,1.260,1.260,0.841,0.707,1.335,1.260,0.841,0.841,1.122,1.335,1.414,1.414,1.335,1.260,0.841,0.749,0.944,1.260,0.944,0.841,1.335,1.498,0.841,0.841,1.498,1.498,1.498,1.498,1.498,1.122,0.749,0.944,0.595,0.749,1.122,0.841,1.888,1.682,0.841,0.841,0.841,1.414,1.414,0.749,1.414,1.414,1.414,1.000,0.630,1.059,0.794,0.749,0.749,0.841,0.841,0.841,1.335,1.189,1.414,1.414,1.888,1.260,1.260,1.414,1.335,1.260,1.260,0.841,1.587,1.260,1.260,1.335,0.841,0.707,1.335,1.414,1.414,1.260,1.260,1.260,1.414,1.587,1.260,0.841,1.414,1.260,1.260,0.841,0.841,1.888,1.059,1.335,0.749,0.749,0.944,1.000,0.530,0.749,0.749,0.749,0.749,1.888,1.682,1.888,0.841,1.888,1.059,0.707,0.707,1.059,1.122,1.059,0.530,0.530,1.059,1.260" at ","
        loop {_part::*}:
            add loop-value to {_notes::*}
        delete {_part::*}
        set {_part::*} to split "0.749,0.749,0.841,1.335,0.841,0.707,1.335,1.414,1.414,1.335,1.260,0.630,1.260,1.335,1.260,1.335,1.260,1.335,1.260,1.260,1.414,0.667,1.260,1.414,1.414,1.335,1.260,1.414,1.189,1.335,1.260,0.944,1.414,1.335,1.122,0.841,0.530,1.260,1.888,1.059,0.841,0.707,0.749,0.707,0.707,0.561,0.749,0.749,0.749,1.782,1.888,0.841,1.498,1.888,1.888,1.059,1.888,0.707,1.059,1.059,1.414,1.122,1.059,1.888,1.122,1.122,1.888,1.587,1.682,1.782,1.682,1.782,1.682,1.260,1.260,1.260,1.682,1.414,1.682,1.260,1.189,1.414,1.122,1.260,1.122,0.841,0.707,1.335,1.682,1.414,1.335,1.682,1.000,1.122,1.122,1.260,1.498,1.260,1.335,0.841,1.888,0.841,1.682,2.000,1.335,1.587,1.122,1.189,1.189,0.530,1.122,1.189,1.189,0.667,1.122,1.189,0.841,1.122,0.841,0.749" at ","
        loop {_part::*}:
            add loop-value to {_notes::*}
        delete {_part::*}
        set {_part::*} to split "0.749,1.335,1.335,1.335,1.335,1.260,2.000,1.335,0.630,1.260,2.000,1.260,0.841,1.335,0.841,1.260,1.414,1.414,1.335,1.260,1.260,1.189,1.335,1.260,1.260,1.189,1.189,1.260,1.260,1.000,0.841,0.500,1.414,1.414,1.189,1.260,1.260,1.000,1.782,1.682,1.260,1.189,1.414,1.260,0.841,0.841,1.682,1.587,1.587,1.059,0.749,1.260,0.944,0.707,0.595,1.122,1.335,1.682,0.749,0.707,1.000,0.707,0.841,0.841,1.782,1.189,1.189,1.189,1.189,1.260,0.530,1.189,1.782,1.260,1.189,1.122,1.260,1.335,1.059,0.707,1.335,1.414,1.414,1.335,1.260,1.414,1.260,1.335,1.000,1.059,1.000,1.335,1.000,1.000,1.122,1.000,1.000,1.414,1.414,1.335,1.189,1.260,1.189,1.335,1.260,1.122,1.189,1.122,1.189,1.000,0.841,0.707,0.841,1.000,1.000,1.888,1.000,0.707,1.587,1.122" at ","
        loop {_part::*}:
            add loop-value to {_notes::*}
        delete {_part::*}
        set {_part::*} to split "1.189,0.891,0.707,1.587,1.587,0.841,1.189,1.189,0.841,0.749,1.122,1.782,1.260,0.944,1.888,0.667,0.595,0.841,1.260,1.189,2.000,0.841,1.335,1.335,0.707,1.414,1.414,1.414,1.260,1.260,1.260,1.414,1.260,1.260,1.414,1.414,1.260,1.260,1.260,0.841,0.707,1.335,1.414,1.414,1.682,1.260,1.260,1.414,1.335,1.260,0.841,1.414,1.414,1.260,1.414,0.841,1.888,1.059,1.335,0.707,0.749,0.944,0.944,0.530,0.561,0.749,0.749,0.749,1.888,1.682,0.841,1.414,1.260,1.059,1.059,1.059,1.059,1.414,0.707,0.707,0.530,2.000,1.335,1.122,0.749,0.841,0.841,0.841,0.667,1.260,1.414,1.414,1.335,1.260,1.260,1.189,1.335,1.260,1.260,1.189,1.335,1.260,1.260,1.414,0.891,1.189,1.414,1.414,2.000,1.260,1.260,1.414,1.335,1.682,1.260,0.841,1.414,1.260,0.841,0.841" at ","
        loop {_part::*}:
            add loop-value to {_notes::*}
        delete {_part::*}
        set {_part::*} to split "1.260,1.888,1.059,0.841,0.749,0.749,0.944,0.944,0.595,0.749,0.749,0.749,0.841,1.888,0.841,1.414,1.888,1.888,1.059,1.888,1.059,1.059,1.059,0.707,0.530,1.189,1.782,1.059,1.122,1.888,1.587,1.682,1.000,1.682,1.335,1.414,1.414,1.335,1.260,0.841,0.944,1.335,1.260,0.841,1.260,1.335,1.260,0.841,1.260,0.944,1.260,1.414,1.414,1.335,1.260,1.888,1.260,1.335,1.888,1.000,0.891,1.335,1.122,1.335,1.260,1.498,1.498,1.498,1.260,1.000,1.122,1.000,0.707,0.667,0.749,0.749,0.749,1.782,1.782,0.530,0.841,1.414,0.841,1.414,1.414,1.414,1.414,1.414,1.260,1.260,0.530,0.749,1.059,0.749,0.841,0.841,0.630" at ","
        loop {_part::*}:
            add loop-value to {_notes::*}
        delete {_part::*}

        loop {_notes::*}:
            if {spaceship.playing::%uuid of player%} is not true:
                delete {spaceship.playing::%uuid of player%}
                send "&7Spaceship stopped."
                stop

            set {_pitch} to loop-value parsed as number

            if {_pitch} > 0:
                play sound "block.note_block.harp" with volume 1 and pitch {_pitch} to player

            wait 5 ticks

        delete {spaceship.playing::%uuid of player%}
        send "&aSpaceship finished!"

command /stopspaceship:
    trigger:
        if {spaceship.playing::%uuid of player%} is true:
            set {spaceship.playing::%uuid of player%} to false
            send "&cStopping Spaceship..."
        else:
            send "&7You do not have Spaceship playing."

on right click:
    if player's tool is music disc 13:
        if name of player's tool is "&b&lSpaceship":
            cancel event

            if {spaceship.playing::%uuid of player%} is true:
                send "&cSpaceship is already playing. Use &f/stopspaceship&c first."
                stop

            execute player command "spaceship"

on quit:
    delete {spaceship.playing::%uuid of player%}
